0,-18,-36,-54,-72,-90,-108,-126,-144,-162
18,0,-18,-36,-54,-72,-90,-108,-126,-144
36,18,0,-18,-36,-54,-72,-90,-108,-126
54,36,18,0,-18,-36,-54,-72,-90,-108
72,54,36,18,0,-18,-36,-54,-72,-90
90,72,54,36,18,0,-18,-36,-54,-72
108,90,72,54,36,18,0,-18,-36,-54
126,108,90,72,54,36,18,0,-18,-36
144,126,108,90,72,54,36,18,0,-18
162,144,126,108,90,72,54,36,18,0
